 3   23 02   0   1   22 21   3 
  0 3 3 2 2 3  2  3 2 2 2 3 0  
       3       0       3       
2 2 3  2  2 3 2 3 3 0  0  2 3 3
03   3   3   13 12   1   3   13
    21   01    2    33   03    
  20  1 3  11     12  3 1  21  
    20   13    3    12   23    
31   1   3   30 22   2   1   02
2 3 0  3  2 2 2 1 1 3  0  1 3 2
       0       3       2       
  3 3 3 3 1 3  1  3 3 1 0 3 3  
 3   21 03   2   1   23 21   3 
 31    1    11   33    0    23 
2  03     30  3 2  21     31  1
 11    3    21   32    3    02 
 2   32 31   2   1   02 03   2 
  3 2 2 2 3 3  3  3 3 2 3 1 3  
       3       3       1       
1 3 1  2  3 3 1 3 0 3  1  0 3 1
12   2   1   32 21   3   2   21
    10   33    3    22   01    
  03  3 2  33     12  3 3  20  
    22   20    1    20   32    
13   1   2   30 21   2   3   03
2 1 3  3  3 1 2 3 3 2  1  1 3 2
       3       2       0       
  3 3 1 2 3 3  3  1 3 3 3 3 3  
 2   02 12   1   3   22 12   2 
 22    1    21   22    3    10 
3  21     33  3 3  03     31  3
 13    0    32   02    2    23 
 3   21 12   2   2   21 31   3 
  3 3 2 2 3 1  0  3 3 2 2 3 1  
       3       2       0       
2 2 1  3  3 3 2 1 1 0  3  3 3 3
02   3   2   23 33   1   2   23
    21   31    3    22   32    
  12  1 2  13     12  3 3  10  
    21   32    3    33   13    
30   3   2   23 02   1   1   32
3 3 0  0  1 3 2 3 0 3  3  0 3 1
       3       1       1       
  2 2 1 1 3 3  0  3 3 2 3 2 3  
 3   20 12   3   0   33 12   2 